51 
0.051947 1.300000 10 0.000018
0.176757 1.300000 100010 0.014272
0.179035 1.300000 200010 0.014799
0.181267 1.300000 300010 0.015028
0.178694 1.300000 400010 0.013357
0.180908 1.300000 500010 0.015422
0.183447 1.300000 600010 0.022568
0.184072 1.300000 700010 0.023487
0.183895 1.300000 800010 0.022102
0.184328 1.300000 900010 0.021871
0.184620 1.300000 1000010 0.021329
0.184657 1.300000 1100010 0.023482
0.183662 1.300000 1200010 0.022353
0.183673 1.300000 1300010 0.021742
0.183967 1.300000 1400010 0.021480
0.184115 1.300000 1500010 0.021798
0.183728 1.300000 1600010 0.021788
0.183675 1.300000 1700010 0.021429
0.183632 1.300000 1800010 0.021220
0.183567 1.300000 1900010 0.021001
0.183064 1.300000 2000010 0.020469
0.183304 1.300000 2100010 0.020460
0.183352 1.300000 2200010 0.020173
0.183764 1.300000 2300010 0.020277
0.184175 1.300000 2400010 0.020971
0.184018 1.300000 2500010 0.020575
0.183809 1.300000 2600010 0.020339
0.183686 1.300000 2700010 0.020307
0.183550 1.300000 2800010 0.020302
0.183307 1.300000 2900010 0.020781
0.183713 1.300000 3000010 0.020922
0.184085 1.300000 3100010 0.021497
0.184103 1.300000 3200010 0.021535
0.183974 1.300000 3300010 0.021308
0.183810 1.300000 3400010 0.021095
0.183570 1.300000 3500010 0.021081
0.184052 1.300000 3600010 0.027401
0.184782 1.300000 3700010 0.029935
0.185571 1.300000 3800010 0.038794
0.186013 1.300000 3900010 0.038559
0.186161 1.300000 4000010 0.038433
0.185826 1.300000 4100010 0.037766
0.185729 1.300000 4200010 0.037335
0.186007 1.300000 4300010 0.038045
0.185563 1.300000 4400010 0.037491
0.185661 1.300000 4500010 0.037084
0.185631 1.300000 4600010 0.036638
0.185577 1.300000 4700010 0.036270
0.185384 1.300000 4800010 0.035773
0.185254 1.300000 4900010 0.035372
------------------ 
0.025061 1.600000 10 0.000002
0.178648 1.600000 100010 0.010772
0.182453 1.600000 200010 0.011267
0.185460 1.600000 300010 0.011205
0.180843 1.600000 400010 0.009773
0.183863 1.600000 500010 0.011257
0.188810 1.600000 600010 0.019638
0.190374 1.600000 700010 0.021083
0.189879 1.600000 800010 0.019553
0.190829 1.600000 900010 0.019383
0.191036 1.600000 1000010 0.018614
0.191971 1.600000 1100010 0.021868
0.189946 1.600000 1200010 0.020541
0.189770 1.600000 1300010 0.019794
0.190186 1.600000 1400010 0.019414
0.190435 1.600000 1500010 0.019713
0.190018 1.600000 1600010 0.019816
0.189969 1.600000 1700010 0.019377
0.189836 1.600000 1800010 0.019195
0.189634 1.600000 1900010 0.018931
0.188652 1.600000 2000010 0.018313
0.188913 1.600000 2100010 0.018218
0.188921 1.600000 2200010 0.017851
0.189656 1.600000 2300010 0.017924
0.190200 1.600000 2400010 0.018400
0.189819 1.600000 2500010 0.017974
0.189498 1.600000 2600010 0.017707
0.189237 1.600000 2700010 0.017716
0.189083 1.600000 2800010 0.017687
0.188849 1.600000 2900010 0.018506
0.189428 1.600000 3000010 0.018593
0.190196 1.600000 3100010 0.019389
0.190295 1.600000 3200010 0.019467
0.190047 1.600000 3300010 0.019179
0.189786 1.600000 3400010 0.018911
0.189390 1.600000 3500010 0.018825
0.190520 1.600000 3600010 0.027364
0.192013 1.600000 3700010 0.031831
0.193969 1.600000 3800010 0.045681
0.194756 1.600000 3900010 0.045194
0.195142 1.600000 4000010 0.044950
0.194525 1.600000 4100010 0.044057
0.194415 1.600000 4200010 0.043458
0.195067 1.600000 4300010 0.044837
0.194368 1.600000 4400010 0.044058
0.194436 1.600000 4500010 0.043452
0.194352 1.600000 4600010 0.042767
0.194261 1.600000 4700010 0.042214
0.193911 1.600000 4800010 0.041537
0.193680 1.600000 4900010 0.040961
------------------ 
0.010468 1.900000 10 0.000000
0.174654 1.900000 100010 0.007702
0.180242 1.900000 200010 0.008165
0.183454 1.900000 300010 0.007972
0.176645 1.900000 400010 0.006860
0.180159 1.900000 500010 0.007798
0.188520 1.900000 600010 0.016254
0.191785 1.900000 700010 0.018052
0.190648 1.900000 800010 0.016553
0.192226 1.900000 900010 0.016442
0.192093 1.900000 1000010 0.015585
0.194693 1.900000 1100010 0.019716
0.191345 1.900000 1200010 0.018356
0.190866 1.900000 1300010 0.017543
0.191339 1.900000 1400010 0.017097
0.191725 1.900000 1500010 0.017308
0.191476 1.900000 1600010 0.017503
0.191376 1.900000 1700010 0.017040
0.191127 1.900000 1800010 0.016911
0.190761 1.900000 1900010 0.016619
0.189196 1.900000 2000010 0.015992
0.189392 1.900000 2100010 0.015835
0.189295 1.900000 2200010 0.015430
0.190407 1.900000 2300010 0.015451
0.190985 1.900000 2400010 0.015684
0.190306 1.900000 2500010 0.015268
0.189851 1.900000 2600010 0.014989
0.189465 1.900000 2700010 0.015020
0.189336 1.900000 2800010 0.014958
0.189341 1.900000 2900010 0.016058
0.190036 1.900000 3000010 0.016099
0.191396 1.900000 3100010 0.017101
0.191640 1.900000 3200010 0.017217
0.191211 1.900000 3300010 0.016898
0.190816 1.900000 3400010 0.016606
0.190232 1.900000 3500010 0.016456
0.192414 1.900000 3600010 0.026421
0.195150 1.900000 3700010 0.033251
0.199058 1.900000 3800010 0.051969
0.200204 1.900000 3900010 0.051203
0.200930 1.900000 4000010 0.050798
0.199982 1.900000 4100010 0.049708
0.199902 1.900000 4200010 0.048935
0.201210 1.900000 4300010 0.051176
0.200208 1.900000 4400010 0.050189
0.200181 1.900000 4500010 0.049393
0.199963 1.900000 4600010 0.048493
0.199811 1.900000 4700010 0.047760
0.199242 1.900000 4800010 0.046922
0.198871 1.900000 4900010 0.046182
------------------ 
0.003954 2.200000 10 0.000000
0.167573 2.200000 100010 0.005266
0.174980 2.200000 200010 0.005661
0.177837 2.200000 300010 0.005449
0.169010 2.200000 400010 0.004645
0.172648 2.200000 500010 0.005196
0.185280 2.200000 600010 0.012876
0.191012 2.200000 700010 0.014816
0.188930 2.200000 800010 0.013468
0.191139 2.200000 900010 0.013411
0.190412 2.200000 1000010 0.012584
0.195452 2.200000 1100010 0.017258
0.190629 2.200000 1200010 0.015978
0.189737 2.200000 1300010 0.015163
0.190170 2.200000 1400010 0.014707
0.190704 2.200000 1500010 0.014800
0.190853 2.200000 1600010 0.015050
0.190635 2.200000 1700010 0.014601
0.190300 2.200000 1800010 0.014530
0.189768 2.200000 1900010 0.014231
0.187572 2.200000 2000010 0.013645
0.187615 2.200000 2100010 0.013455
0.187329 2.200000 2200010 0.013053
0.188822 2.200000 2300010 0.013021
0.189307 2.200000 2400010 0.013060
0.188281 2.200000 2500010 0.012678
0.187663 2.200000 2600010 0.012407
0.187204 2.200000 2700010 0.012439
0.187134 2.200000 2800010 0.012346
0.187675 2.200000 2900010 0.013621
0.188419 2.200000 3000010 0.013628
0.190576 2.200000 3100010 0.014798
0.191032 2.200000 3200010 0.014947
0.190357 2.200000 3300010 0.014625
0.189784 2.200000 3400010 0.014335
0.188985 2.200000 3500010 0.014146
0.192634 2.200000 3600010 0.024639
0.197258 2.200000 3700010 0.034056
0.204033 2.200000 3800010 0.056898
0.205481 2.200000 3900010 0.055879
0.206613 2.200000 4000010 0.055294
0.205300 2.200000 4100010 0.054052
0.205283 2.200000 4200010 0.053121
0.207630 2.200000 4300010 0.056344
0.206271 2.200000 4400010 0.055186
0.206080 2.200000 4500010 0.054230
0.205622 2.200000 4600010 0.053160
0.205374 2.200000 4700010 0.052270
0.204530 2.200000 4800010 0.051302
0.203973 2.200000 4900010 0.050424
------------------ 
0.001384 2.500000 10 0.000000
0.158383 2.500000 100010 0.003465
0.167448 2.500000 200010 0.003775
0.169558 2.500000 300010 0.003598
0.159109 2.500000 400010 0.003048
0.162543 2.500000 500010 0.003359
0.179986 2.500000 600010 0.009816
0.188804 2.500000 700010 0.011712
0.185572 2.500000 800010 0.010576
0.188326 2.500000 900010 0.010560
0.186816 2.500000 1000010 0.009836
0.194985 2.500000 1100010 0.014705
0.188681 2.500000 1200010 0.013567
0.187277 2.500000 1300010 0.012800
0.187569 2.500000 1400010 0.012373
0.188225 2.500000 1500010 0.012357
0.188988 2.500000 1600010 0.012621
0.188594 2.500000 1700010 0.012210
0.188255 2.500000 1800010 0.012190
0.187571 2.500000 1900010 0.011903
0.184745 2.500000 2000010 0.011384
0.184557 2.500000 2100010 0.011185
0.184004 2.500000 2200010 0.010812
0.185829 2.500000 2300010 0.010741
0.186088 2.500000 2400010 0.010657
0.184694 2.500000 2500010 0.010323
0.183889 2.500000 2600010 0.010073
0.183422 2.500000 2700010 0.010092
0.183420 2.500000 2800010 0.009982
0.184807 2.500000 2900010 0.011315
0.185541 2.500000 3000010 0.011300
0.188695 2.500000 3100010 0.012587
0.189425 2.500000 3200010 0.012760
0.188447 2.500000 3300010 0.012455
0.187659 2.500000 3400010 0.012185
0.186624 2.500000 3500010 0.011980
0.192105 2.500000 3600010 0.022219
0.199424 2.500000 3700010 0.034234
0.210043 2.500000 3800010 0.060077
0.211670 2.500000 3900010 0.058861
0.213225 2.500000 4000010 0.058105
0.211519 2.500000 4100010 0.056761
0.211572 2.500000 4200010 0.055706
0.215434 2.500000 4300010 0.059946
0.213665 2.500000 4400010 0.058666
0.213242 2.500000 4500010 0.057586
0.212430 2.500000 4600010 0.056400
0.212045 2.500000 4700010 0.055390
0.210875 2.500000 4800010 0.054327
0.210087 2.500000 4900010 0.053346
------------------ 
0.000457 2.800000 10 0.000000
0.147563 2.800000 100010 0.002207
0.157983 2.800000 200010 0.002434
0.159168 2.800000 300010 0.002306
0.147609 2.800000 400010 0.001945
0.150609 2.800000 500010 0.002120
0.173002 2.800000 600010 0.007235
0.185296 2.800000 700010 0.008959
0.180837 2.800000 800010 0.008048
0.184001 2.800000 900010 0.008059
0.181613 2.800000 1000010 0.007467
0.193455 2.800000 1100010 0.012232
0.185780 2.800000 1200010 0.011260
0.183788 2.800000 1300010 0.010573
0.183857 2.800000 1400010 0.010197
0.184577 2.800000 1500010 0.010099
0.186121 2.800000 1600010 0.010348
0.185512 2.800000 1700010 0.009987
0.185278 2.800000 1800010 0.010003
0.184458 2.800000 1900010 0.009741
0.181041 2.800000 2000010 0.009300
0.180574 2.800000 2100010 0.009108
0.179690 2.800000 2200010 0.008781
0.181761 2.800000 2300010 0.008688
0.181679 2.800000 2400010 0.008541
0.179923 2.800000 2500010 0.008260
0.178910 2.800000 2600010 0.008040
0.178494 2.800000 2700010 0.008042
0.178546 2.800000 2800010 0.007926
0.181054 2.800000 2900010 0.009223
0.181733 2.800000 3000010 0.009195
0.186069 2.800000 3100010 0.010538
0.187127 2.800000 3200010 0.010725
0.185808 2.800000 3300010 0.010450
0.184778 2.800000 3400010 0.010208
0.183495 2.800000 3500010 0.010008
0.191073 2.800000 3600010 0.019428
0.202040 2.800000 3700010 0.033860
0.217466 2.800000 3800010 0.061444
0.219109 2.800000 3900010 0.060097
0.221052 2.800000 4000010 0.059198
0.218922 2.800000 4100010 0.057803
0.219020 2.800000 4200010 0.056664
0.224959 2.800000 4300010 0.061881
0.222724 2.800000 4400010 0.060527
0.222010 2.800000 4500010 0.059364
0.220738 2.800000 4600010 0.058113
0.220165 2.800000 4700010 0.057021
0.218629 2.800000 4800010 0.055901
0.217563 2.800000 4900010 0.054854
------------------ 
0.000144 3.100000 10 0.000000
0.135529 3.100000 100010 0.001368
0.146918 3.100000 200010 0.001524
0.147182 3.100000 300010 0.001440
0.135050 3.100000 400010 0.001211
0.137498 3.100000 500010 0.001312
0.164582 3.100000 600010 0.005178
0.180485 3.100000 700010 0.006659
0.174838 3.100000 800010 0.005958
0.178264 3.100000 900010 0.005984
0.174999 3.100000 1000010 0.005523
0.190889 3.100000 1100010 0.009963
0.182031 3.100000 1200010 0.009159
0.179402 3.100000 1300010 0.008567
0.179202 3.100000 1400010 0.008248
0.179903 3.100000 1500010 0.008101
0.182329 3.100000 1600010 0.008316
0.181484 3.100000 1700010 0.008009
0.181470 3.100000 1800010 0.008047
0.180528 3.100000 1900010 0.007817
0.176587 3.100000 2000010 0.007454
0.175818 3.100000 2100010 0.007280
0.174566 3.100000 2200010 0.007003
0.176775 3.100000 2300010 0.006903
0.176270 3.100000 2400010 0.006738
0.174177 3.100000 2500010 0.006508
0.172948 3.100000 2600010 0.006321
0.172624 3.100000 2700010 0.006307
0.172695 3.100000 2800010 0.006196
0.176533 3.100000 2900010 0.007390
0.177131 3.100000 3000010 0.007354
0.182805 3.100000 3100010 0.008698
0.184235 3.100000 3200010 0.008888
0.182559 3.100000 3300010 0.008649
0.181277 3.100000 3400010 0.008439
0.179741 3.100000 3500010 0.008255
0.189562 3.100000 3600010 0.016526
0.205240 3.100000 3700010 0.033048
0.226354 3.100000 3800010 0.061156
0.227827 3.100000 3900010 0.059744
0.230080 3.100000 4000010 0.058741
0.227497 3.100000 4100010 0.057340
0.227586 3.100000 4200010 0.056158
0.236224 3.100000 4300010 0.062246
0.233473 3.100000 4400010 0.060864
0.232414 3.100000 4500010 0.059657
0.230596 3.100000 4600010 0.058382
0.229777 3.100000 4700010 0.057249
0.227845 3.100000 4800010 0.056106
0.226454 3.100000 4900010 0.055028
------------------ 
0.000043 3.400000 10 0.000000
0.122725 3.400000 100010 0.000827
0.134666 3.400000 200010 0.000931
0.134137 3.400000 300010 0.000879
0.121928 3.400000 400010 0.000738
0.123805 3.400000 500010 0.000798
0.154985 3.400000 600010 0.003612
0.174381 3.400000 700010 0.004829
0.167679 3.400000 800010 0.004307
0.171231 3.400000 900010 0.004338
0.167170 3.400000 1000010 0.003992
0.187300 3.400000 1100010 0.007968
0.177491 3.400000 1200010 0.007318
0.174209 3.400000 1300010 0.006825
0.173726 3.400000 1400010 0.006561
0.174318 3.400000 1500010 0.006394
0.177658 3.400000 1600010 0.006568
0.176572 3.400000 1700010 0.006312
0.176878 3.400000 1800010 0.006361
0.175821 3.400000 1900010 0.006165
0.171440 3.400000 2000010 0.005874
0.170373 3.400000 2100010 0.005722
0.168744 3.400000 2200010 0.005496
0.170977 3.400000 2300010 0.005399
0.170006 3.400000 2400010 0.005242
0.167621 3.400000 2500010 0.005057
0.166177 3.400000 2600010 0.004904
0.165962 3.400000 2700010 0.004878
0.166009 3.400000 2800010 0.004779
0.171306 3.400000 2900010 0.005830
0.171808 3.400000 3000010 0.005792
0.178939 3.400000 3100010 0.007088
0.180774 3.400000 3200010 0.007272
0.178750 3.400000 3300010 0.007069
0.177220 3.400000 3400010 0.006892
0.175439 3.400000 3500010 0.006730
0.187519 3.400000 3600010 0.013721
0.209037 3.400000 3700010 0.031911
0.236584 3.400000 3800010 0.059491
0.237706 3.400000 3900010 0.058069
0.240153 3.400000 4000010 0.057004
0.237089 3.400000 4100010 0.055633
0.237093 3.400000 4200010 0.054447
0.249091 3.400000 4300010 0.061256
0.245785 3.400000 4400010 0.059884
0.244332 3.400000 4500010 0.058666
0.241908 3.400000 4600010 0.057403
0.240782 3.400000 4700010 0.056262
0.238427 3.400000 4800010 0.055125
0.236668 3.400000 4900010 0.054047
------------------ 
0.000013 3.700000 10 0.000000
0.109609 3.700000 100010 0.000490
0.121697 3.700000 200010 0.000557
0.120566 3.700000 300010 0.000526
0.108696 3.700000 400010 0.000442
0.110052 3.700000 500010 0.000478
0.144493 3.700000 600010 0.002464
0.167055 3.700000 700010 0.003428
0.159491 3.700000 800010 0.003049
0.163058 3.700000 900010 0.003079
0.158339 3.700000 1000010 0.002828
0.182723 3.700000 1100010 0.006273
0.172208 3.700000 1200010 0.005758
0.168293 3.700000 1300010 0.005357
0.167543 3.700000 1400010 0.005143
0.167938 3.700000 1500010 0.004976
0.172158 3.700000 1600010 0.005110
0.170838 3.700000 1700010 0.004902
0.171537 3.700000 1800010 0.004953
0.170371 3.700000 1900010 0.004790
0.165642 3.700000 2000010 0.004560
0.164300 3.700000 2100010 0.004433
0.162309 3.700000 2200010 0.004252
0.164464 3.700000 2300010 0.004164
0.163024 3.700000 2400010 0.004027
0.160397 3.700000 2500010 0.003882
0.158754 3.700000 2600010 0.003759
0.158642 3.700000 2700010 0.003727
0.158623 3.700000 2800010 0.003642
0.165424 3.700000 2900010 0.004536
0.165826 3.700000 3000010 0.004499
0.174491 3.700000 3100010 0.005710
0.176750 3.700000 3200010 0.005881
0.174403 3.700000 3300010 0.005713
0.172644 3.700000 3400010 0.005565
0.170635 3.700000 3500010 0.005427
0.184870 3.700000 3600010 0.011153
0.213382 3.700000 3700010 0.030542
0.247928 3.700000 3800010 0.056767
0.248532 3.700000 3900010 0.055379
0.251041 3.700000 4000010 0.054291
0.247471 3.700000 4100010 0.052979
0.247303 3.700000 4200010 0.051820
0.263333 3.700000 4300010 0.059173
0.259443 3.700000 4400010 0.057840
0.257556 3.700000 4500010 0.056641
0.254487 3.700000 4600010 0.055416
0.252997 3.700000 4700010 0.054295
0.250199 3.700000 4800010 0.053189
0.248031 3.700000 4900010 0.052135
------------------ 
0.000004 4.000000 10 0.000000
0.096609 4.000000 100010 0.000286
0.108485 4.000000 200010 0.000327
0.106959 4.000000 300010 0.000310
0.095747 4.000000 400010 0.000260
0.096668 4.000000 500010 0.000283
0.133402 4.000000 600010 0.001648
0.158645 4.000000 700010 0.002389
0.150442 4.000000 800010 0.002120
0.153942 4.000000 900010 0.002146
0.148733 4.000000 1000010 0.001968
0.177214 4.000000 1100010 0.004872
0.166237 4.000000 1200010 0.004470
0.161736 4.000000 1300010 0.004151
0.160757 4.000000 1400010 0.003980
0.160880 4.000000 1500010 0.003827
0.165894 4.000000 1600010 0.003924
0.164354 4.000000 1700010 0.003758
0.165490 4.000000 1800010 0.003805
0.164219 4.000000 1900010 0.003674
0.159238 4.000000 2000010 0.003496
0.157656 4.000000 2100010 0.003391
0.155340 4.000000 2200010 0.003249
0.157331 4.000000 2300010 0.003173
0.155453 4.000000 2400010 0.003060
0.152642 4.000000 2500010 0.002948
0.150822 4.000000 2600010 0.002851
0.150794 4.000000 2700010 0.002818
0.150673 4.000000 2800010 0.002748
0.158946 4.000000 2900010 0.003486
0.159246 4.000000 3000010 0.003451
0.169478 4.000000 3100010 0.004554
0.172169 4.000000 3200010 0.004707
0.169540 4.000000 3300010 0.004570
0.167578 4.000000 3400010 0.004449
0.165367 4.000000 3500010 0.004335
0.181554 4.000000 3600010 0.008901
0.218188 4.000000 3700010 0.029012
0.260093 4.000000 3800010 0.053296
0.260045 4.000000 3900010 0.051972
0.262470 4.000000 4000010 0.050895
0.258378 4.000000 4100010 0.049661
0.257951 4.000000 4200010 0.048553
0.278671 4.000000 4300010 0.056264
0.274179 4.000000 4400010 0.054993
0.271825 4.000000 4500010 0.053835
0.268097 4.000000 4600010 0.052669
0.266188 4.000000 4700010 0.051590
0.262932 4.000000 4800010 0.050532
0.260321 4.000000 4900010 0.049522
------------------ 
